Construct,SPI,SMS,SMP
SPI,,,
SMS,0.006,,
SMP,0.111,0.004,
